
860
(
25322
100522
104489
104498
104693
104695
104710
104712
104734
104738
104742
104746
138016
138025
138181
138192
138447
138452
138478
138482
138515
138519
180579
180735
180739
238355
238356
259810
259810
259811
259811
260344
260352
260360
260368
260417
260421
274580
274608
274703
274718
274745
274760
274935
274946
275067
275074
275145
275152
317819
317827
317835
320305
427642
448298
448306
517231
517238
517282
517286
517379
517381
517383
517385
582021
582026
607531
610000
610001
610019
610130
610134
610136
610368
610369
610374
610379
610393
610395
610709
613305
613306
614178
614179
614670
614731
614732
614733
614734
614989
615266
615267
615468
615480
615503
615504
615567
615581
615605
615752
615753
616094
616525
616637
616638
616639
616640
617070
617169
618025
618027
619070
619071
619183
619184
619786
619787
620539
621024
621524
622562
622883
622884
622885
623066
624375
624377
625382
625843
628198
631223
631225
631227
631228
631715
633213
634158
634159
634535
636188
637031
638554
639138
639947
639996
642335
644015
645194
645195
645239
645240
645727
645882
646684
646713
646905
647492
647690
649075
649076
649078
649079
649080
649081
649716
651893
652671
654123
654125
654468
655271
655967
656510
656662
656663
659397
659398
660618
660731
660732
661011
661012
661186
661275
663195
663196
663560
663561
664886
664887
664960
664961
664993
665038
665646
666057
666294
666646
666652
666653
666682
666823
666893
667303
667304
667408
667451
667910
668139
668739
669395
669829
669830
671198
671199
671859
672288
672290
672602
674524
675184
675508
675509
676567
676881
677492
677787
677788
678174
678176
679445
679711
680235
680432
680834
681001
682285
682286
682876
684425
684427
684758
684759
685079
685080
685673
685710
685711
686272
686615
686858
686859
687145
687150
688591
688889
689708
689798
689799
689800
690119
690120
690158
690160
690213
690247
690250
690486
690488
690490
690492
691392
691717
691718
693198
693200
693201
693207
693519
693520
693560
693723
693725
694504
695338
695350
695352
695353
695355
695356
695372
695379
695389
695390
697751
697773
697774
697775
697783
697784
697865
698490
698501
698558
698561
698576
699249
699250
699280
699281
699321
699322
699336
699337
699353
699354
700030
700031
700089
700093
700094
700113
700114
700154
701507
701553
701571
703524
703525
703543
703545
703550
703551
704237
704239
704251
704252
704334
713418
713419
715098
715099
715100
716815
719253
719254
723566
723567
725076
726523
727989
727990
728508
728509
732109
732111
732130
732131
732157
732158
733461
733462
734724
734725
736829
736830
736846
738227
738232
738278
738359
738361
738386
738387
739784
739785
739811
739813
739814
739816
742865
742867
742871
742872
773602
773665
773666
773667
773668
773696
773697
773704
773705
773721
773722
773723
773790
773791
773800
773801
773812
773813
773828
773829
773831
773832
773835
773836
773849
773850
773926
773927
773930
773931
773939
773940
773958
773959
773976
773977
773985
773986
774013
774014
774046
774047
774073
774074
774123
774124
774155
774156
774221
774222
774288
774289
774293
774294
774299
774300
774320
774321
774370
774371
774385
774386
774391
774392
774462
774463
774486
774487
774525
774526
774534
774535
774541
774542
774574
774575
774586
774587
774594
774595
774625
774626
774640
774641
774673
774674
774680
774681
774688
774689
774720
774721
774722
774723
774729
774730
774739
774740
774801
774802
774809
774810
774819
774820
774821
774822
778360
778457
783100
783378
809889
811437
811725
811743
811821
811839
811937
811953
811954
811974
812116
812135
812212
812238
812462
812493
812685
812701
812727
813455
813503
813769
813801
815081
815120
815541
815572
816659
816695
817020
817059
817491
817518
817616
817646
817949
817986
818018
818043
818137
818174
819085
819119
821480
821522
822622
822682
822690
822717
822821
822932
823027
823109
823112
823166
823172
823185
823189
823192
823193
823201
823205
823242
823257
823475
823494
823772
823794
823891
823907
825162
825218
825511
825536
825685
825703
825729
825748
825794
825809
825886
825903
826105
826122
826210
826224
826296
826312
826352
826371
826808
826819
826842
826853
827007
827019
827112
827118
827267
827270
827272
828625
828667
828890
828915
829104
829139
829632
829673
829778
829811
829887
829889
829910
829921
830116
830132
830304
830337
830348
830368
830474
830489
830536
830551
830718
830736
830751
830757
830879
830890
831124
831141
831630
831669
831863
831883
831905
831922
832375
832396
832895
832938
833086
833124
833210
833235
833244
833283
834377
834420
834454
834479
834506
834531
834593
834627
834943
834974
835151
835185
835365
835400
835930
835962
836077
836114
836557
836595
837428
837458
837525
837570
837584
837609
838930
838954
839316
839331
839911
839925
840621
840633
840965
840976
841003
841014
841090
841094
841191
841212
841292
841308
841493
841509
841523
841532
842090
842106
842633
842668
842890
842910
842958
842990
843160
843180
843658
843681
843871
843894
843900
843937
844050
844065
844507
844537
844733
844771
844872
844890
844908
844915
845097
845123
845375
845400
845932
845958
846040
846071
846288
846315
846452
846478
846701
846731
847210
847236
847274
847301
847491
847514
847604
847638
847680
848039
848072
848527
848556
848694
848720
849780
849811
849871
849911
850327
850352
850459
850490
850859
850885
851325
851350
851387
851414
851446
851474
851507
851707
851733
852095
852126
852416
852434
852555
852565
852947
852962
853055
853071
853195
853214
853788
853810
854163
854181
854726
854747
854844
854867
854987
855009
855483
855502
856154
856182
856312
856332
856407
856414
856449
856458
856750
856762
857520
857538
858147
858160
858735
858755
858771
858835
858855
860063
860110
860223
860284
860916
860952
861463
861492
862190
862216
862620
862644
862921
862960
863290
863316
863964
864001
864370
864395
866107
866144
866318
866340
866692
866711
866750
866760
866848
866851
867720
867733
867787
867801
867961
867991
868018
868056
868468
868492
868930
868962
869089
869124
869162
869187
869833
869861
870527
870542
870669
870688
)
